5,5,5,5,5,5,5,5,5,5,5,pending
2,2,2,2,2,2,2,2,2,22,,pending
21321,231,231,32,132,321,231,32,132,132,1,pending
20213963,1321,21,321,321,132,21,1,321,3,13,pending
admin,212,132,123,13,231,132,321,23,132,123,pending
5,5,5,5,5,5,5,5,5,5,5,pending
2,2,2,2,2,2,2,2,2,22,,pending
21321,231,231,32,132,321,231,32,132,132,1,pending
20213963,1321,21,321,321,132,21,1,321,3,13,pending
admin,212,132,123,13,231,132,321,23,132,123,pending

5,5,5,5,5,5,5,5,5,5,5,pending
2,2,2,2,2,2,2,2,2,22,,pending
21321,231,231,32,132,321,231,32,132,132,1,pending
20213963,1321,21,321,321,132,21,1,321,3,13,pending
admin,212,132,123,13,231,132,321,23,132,123,pending
